episode,method,seed,team_size,communication_mode,step,robot_id,previous_x,previous_y,preferred_x,preferred_y,proposed_x,proposed_y,actual_x,actual_y,path_increment,cumulative_robot_path,wait_flag,dynamic_blocked,static_blocked,consecutive_wait_steps,deadlock_flag,recovered_flag,revisit_flag,cross_robot_overlap_flag
48,LiteDARE-Map-Reservation,4801102,6,compressed,0,0,-64.0,-40.0,-64.0,-40.0,-64.0,-40.0,-64.0,-40.0,0.0,0.0,True,False,False,0,False,False,False,False
48,LiteDARE-Map-Reservation,4801102,6,compressed,0,1,16.0,-8.0,16.0,-8.0,16.0,-8.0,16.0,-8.0,0.0,0.0,True,False,False,0,False,False,False,False
48,LiteDARE-Map-Reservation,4801102,6,compressed,0,2,-28.0,-4.0,-28.0,-4.0,-28.0,-4.0,-28.0,-4.0,0.0,0.0,True,False,False,0,False,False,False,False
48,LiteDARE-Map-Reservation,4801102,6,compressed,0,3,-28.0,16.0,-28.0,16.0,-28.0,16.0,-28.0,16.0,0.0,0.0,True,False,False,0,False,False,False,False
48,LiteDARE-Map-Reservation,4801102,6,compressed,0,4,-44.0,20.0,-44.0,20.0,-44.0,20.0,-44.0,20.0,0.0,0.0,True,False,False,0,False,False,False,False
48,LiteDARE-Map-Reservation,4801102,6,compressed,0,5,-16.0,0.0,-16.0,0.0,-16.0,0.0,-16.0,0.0,0.0,0.0,True,False,False,0,False,False,False,False
48,LiteDARE-Map-Reservation,4801102,6,compressed,1,0,-64.0,-40.0,-60.0,-36.0,-60.0,-36.0,-60.0,-36.0,5.656854152679443,5.656854152679443,False,False,False,0,False,False,False,False
48,LiteDARE-Map-Reservation,4801102,6,compressed,1,1,16.0,-8.0,20.0,-8.0,20.0,-8.0,20.0,-8.0,4.0,4.0,False,False,False,0,False,False,False,False
48,LiteDARE-Map-Reservation,4801102,6,compressed,1,2,-28.0,-4.0,-28.0,0.0,-28.0,0.0,-28.0,0.0,4.0,4.0,False,False,False,0,False,False,False,False
48,LiteDARE-Map-Reservation,4801102,6,compressed,1,3,-28.0,16.0,-24.0,16.0,-24.0,16.0,-24.0,16.0,4.0,4.0,False,False,False,0,False,False,False,False
48,LiteDARE-Map-Reservation,4801102,6,compressed,1,4,-44.0,20.0,-44.0,12.0,-44.0,12.0,-44.0,12.0,8.0,8.0,False,False,False,0,False,False,False,False
48,LiteDARE-Map-Reservation,4801102,6,compressed,1,5,-16.0,0.0,-24.0,8.0,-24.0,8.0,-24.0,8.0,11.313708305358887,11.313708305358887,False,False,False,0,False,False,False,False
48,LiteDARE-Map-Reservation,4801102,6,compressed,2,0,-60.0,-36.0,-64.0,-40.0,-64.0,-40.0,-64.0,-40.0,5.656854152679443,11.313708305358887,False,False,False,0,False,False,True,False
48,LiteDARE-Map-Reservation,4801102,6,compressed,2,1,20.0,-8.0,24.0,-4.0,24.0,-4.0,24.0,-4.0,5.656854152679443,9.656854152679443,False,False,False,0,False,False,False,False
48,LiteDARE-Map-Reservation,4801102,6,compressed,2,2,-28.0,0.0,-36.0,0.0,-36.0,0.0,-36.0,0.0,8.0,12.0,False,False,False,0,False,False,False,False
48,LiteDARE-Map-Reservation,4801102,6,compressed,2,3,-24.0,16.0,-20.0,16.0,-20.0,16.0,-20.0,16.0,4.0,8.0,False,False,False,0,False,False,False,False
48,LiteDARE-Map-Reservation,4801102,6,compressed,2,4,-44.0,12.0,-40.0,8.0,-40.0,8.0,-40.0,8.0,5.656854152679443,13.656854152679443,False,False,False,0,False,False,False,False
48,LiteDARE-Map-Reservation,4801102,6,compressed,2,5,-24.0,8.0,-24.0,0.0,-24.0,0.0,-24.0,0.0,8.0,19.313708305358887,False,False,False,0,False,False,False,False
48,LiteDARE-Map-Reservation,4801102,6,compressed,3,0,-64.0,-40.0,-64.0,-48.0,-64.0,-48.0,-64.0,-48.0,8.0,19.313708305358887,False,False,False,0,False,False,False,False
48,LiteDARE-Map-Reservation,4801102,6,compressed,3,1,24.0,-4.0,24.0,0.0,24.0,0.0,24.0,0.0,4.0,13.656854152679443,False,False,False,0,False,False,False,False
48,LiteDARE-Map-Reservation,4801102,6,compressed,3,2,-36.0,0.0,-44.0,4.0,-44.0,4.0,-44.0,4.0,8.9442720413208,20.9442720413208,False,False,False,0,False,False,False,False
48,LiteDARE-Map-Reservation,4801102,6,compressed,3,3,-20.0,16.0,-16.0,16.0,-16.0,16.0,-16.0,16.0,4.0,12.0,False,False,False,0,False,False,False,False
48,LiteDARE-Map-Reservation,4801102,6,compressed,3,4,-40.0,8.0,-44.0,0.0,-44.0,0.0,-44.0,0.0,8.9442720413208,22.601126194000244,False,False,False,0,False,False,False,False
48,LiteDARE-Map-Reservation,4801102,6,compressed,3,5,-24.0,0.0,-32.0,8.0,-32.0,8.0,-32.0,8.0,11.313708305358887,30.627416610717773,False,False,False,0,False,False,False,False
48,LiteDARE-Map-Reservation,4801102,6,compressed,4,0,-64.0,-48.0,-60.0,-40.0,-60.0,-40.0,-60.0,-40.0,8.9442720413208,28.257980346679688,False,False,False,0,False,False,False,False
48,LiteDARE-Map-Reservation,4801102,6,compressed,4,1,24.0,0.0,24.0,4.0,24.0,4.0,24.0,4.0,4.0,17.656854152679443,False,False,False,0,False,False,False,False
48,LiteDARE-Map-Reservation,4801102,6,compressed,4,2,-44.0,4.0,-52.0,4.0,-52.0,4.0,-52.0,4.0,8.0,28.9442720413208,False,False,False,0,False,False,False,False
48,LiteDARE-Map-Reservation,4801102,6,compressed,4,3,-16.0,16.0,-12.0,20.0,-12.0,20.0,-12.0,20.0,5.656854152679443,17.656854152679443,False,False,False,0,False,False,False,False
48,LiteDARE-Map-Reservation,4801102,6,compressed,4,4,-44.0,0.0,-52.0,0.0,-52.0,0.0,-52.0,0.0,8.0,30.601126194000244,False,False,False,0,False,False,False,False
48,LiteDARE-Map-Reservation,4801102,6,compressed,4,5,-32.0,8.0,-36.0,0.0,-36.0,0.0,-36.0,0.0,8.9442720413208,39.571688652038574,False,False,False,0,False,False,True,True
48,LiteDARE-Map-Reservation,4801102,6,compressed,5,0,-60.0,-40.0,-56.0,-36.0,-56.0,-36.0,-56.0,-36.0,5.656854152679443,33.91483449935913,False,False,False,0,False,False,False,False
48,LiteDARE-Map-Reservation,4801102,6,compressed,5,1,24.0,4.0,24.0,8.0,24.0,8.0,24.0,8.0,4.0,21.656854152679443,False,False,False,0,False,False,False,False
48,LiteDARE-Map-Reservation,4801102,6,compressed,5,2,-52.0,4.0,-60.0,4.0,-60.0,4.0,-60.0,4.0,8.0,36.9442720413208,False,False,False,0,False,False,False,False
48,LiteDARE-Map-Reservation,4801102,6,compressed,5,3,-12.0,20.0,-20.0,16.0,-20.0,16.0,-20.0,16.0,8.9442720413208,26.601126194000244,False,False,False,0,False,False,True,False
48,LiteDARE-Map-Reservation,4801102,6,compressed,5,4,-52.0,0.0,-56.0,4.0,-56.0,4.0,-56.0,4.0,5.656854152679443,36.25798034667969,False,False,False,0,False,False,False,False
48,LiteDARE-Map-Reservation,4801102,6,compressed,5,5,-36.0,0.0,-44.0,0.0,-44.0,0.0,-44.0,0.0,8.0,47.571688652038574,False,False,False,0,False,False,True,True
48,LiteDARE-Map-Reservation,4801102,6,compressed,6,0,-56.0,-36.0,-48.0,-32.0,-48.0,-32.0,-48.0,-32.0,8.9442720413208,42.85910654067993,False,False,False,0,False,False,False,False
48,LiteDARE-Map-Reservation,4801102,6,compressed,6,1,24.0,8.0,20.0,8.0,20.0,8.0,20.0,8.0,4.0,25.656854152679443,False,False,False,0,False,False,False,False
48,LiteDARE-Map-Reservation,4801102,6,compressed,6,2,-60.0,4.0,-56.0,8.0,-56.0,8.0,-56.0,8.0,5.656854152679443,42.601126194000244,False,False,False,0,False,False,False,False
48,LiteDARE-Map-Reservation,4801102,6,compressed,6,3,-20.0,16.0,-20.0,8.0,-20.0,8.0,-20.0,8.0,8.0,34.601126194000244,False,False,False,0,False,False,False,False
48,LiteDARE-Map-Reservation,4801102,6,compressed,6,4,-56.0,4.0,-60.0,4.0,-64.0,4.0,-64.0,4.0,8.0,44.25798034667969,False,False,False,0,False,False,False,False
48,LiteDARE-Map-Reservation,4801102,6,compressed,6,5,-44.0,0.0,-48.0,4.0,-48.0,4.0,-48.0,4.0,5.656854152679443,53.22854280471802,False,False,False,0,False,False,False,False
48,LiteDARE-Map-Reservation,4801102,6,compressed,7,0,-48.0,-32.0,-44.0,-32.0,-44.0,-32.0,-44.0,-32.0,4.0,46.85910654067993,False,False,False,0,False,False,False,False
48,LiteDARE-Map-Reservation,4801102,6,compressed,7,1,20.0,8.0,12.0,8.0,12.0,8.0,12.0,8.0,8.0,33.65685415267944,False,False,False,0,False,False,False,False
48,LiteDARE-Map-Reservation,4801102,6,compressed,7,2,-56.0,8.0,-56.0,4.0,-56.0,4.0,-56.0,4.0,4.0,46.601126194000244,False,False,False,0,False,False,True,True
48,LiteDARE-Map-Reservation,4801102,6,compressed,7,3,-20.0,8.0,-28.0,4.0,-28.0,4.0,-28.0,4.0,8.9442720413208,43.545398235321045,False,False,False,0,False,False,False,False
48,LiteDARE-Map-Reservation,4801102,6,compressed,7,4,-64.0,4.0,-60.0,4.0,-60.0,4.0,-60.0,4.0,4.0,48.25798034667969,False,False,False,0,False,False,True,True
48,LiteDARE-Map-Reservation,4801102,6,compressed,7,5,-48.0,4.0,-52.0,4.0,-52.0,4.0,-52.0,4.0,4.0,57.22854280471802,False,False,False,0,False,False,True,True
48,LiteDARE-Map-Reservation,4801102,6,compressed,8,0,-44.0,-32.0,-40.0,-28.0,-40.0,-28.0,-40.0,-28.0,5.656854152679443,52.515960693359375,False,False,False,0,False,False,False,False
48,LiteDARE-Map-Reservation,4801102,6,compressed,8,1,12.0,8.0,12.0,0.0,12.0,0.0,12.0,0.0,8.0,41.65685415267944,False,False,False,0,False,False,False,False
48,LiteDARE-Map-Reservation,4801102,6,compressed,8,2,-56.0,4.0,-48.0,0.0,-48.0,0.0,-48.0,0.0,8.9442720413208,55.545398235321045,False,False,False,0,False,False,False,False
48,LiteDARE-Map-Reservation,4801102,6,compressed,8,3,-28.0,4.0,-32.0,4.0,-32.0,4.0,-32.0,4.0,4.0,47.545398235321045,False,False,False,0,False,False,False,False
48,LiteDARE-Map-Reservation,4801102,6,compressed,8,4,-60.0,4.0,-56.0,4.0,-52.0,0.0,-52.0,0.0,8.9442720413208,57.20225238800049,False,False,False,0,False,False,True,False
48,LiteDARE-Map-Reservation,4801102,6,compressed,8,5,-52.0,4.0,-48.0,0.0,-44.0,-4.0,-44.0,-4.0,11.313708305358887,68.5422511100769,False,False,False,0,False,False,False,False
48,LiteDARE-Map-Reservation,4801102,6,compressed,9,0,-40.0,-28.0,-40.0,-24.0,-40.0,-24.0,-40.0,-24.0,4.0,56.515960693359375,False,False,False,0,False,False,False,False
48,LiteDARE-Map-Reservation,4801102,6,compressed,9,1,12.0,0.0,12.0,-8.0,12.0,-8.0,12.0,-8.0,8.0,49.65685415267944,False,False,False,0,False,False,False,False
48,LiteDARE-Map-Reservation,4801102,6,compressed,9,2,-48.0,0.0,-48.0,-8.0,-48.0,-8.0,-48.0,-8.0,8.0,63.545398235321045,False,False,False,0,False,False,False,False
48,LiteDARE-Map-Reservation,4801102,6,compressed,9,3,-32.0,4.0,-40.0,4.0,-40.0,4.0,-40.0,4.0,8.0,55.545398235321045,False,False,False,0,False,False,False,False
48,LiteDARE-Map-Reservation,4801102,6,compressed,9,4,-52.0,0.0,-48.0,0.0,-44.0,0.0,-44.0,0.0,8.0,65.20225238800049,False,False,False,0,False,False,True,False
48,LiteDARE-Map-Reservation,4801102,6,compressed,9,5,-44.0,-4.0,-48.0,-12.0,-48.0,-12.0,-48.0,-12.0,8.9442720413208,77.4865231513977,False,False,False,0,False,False,False,False
48,LiteDARE-Map-Reservation,4801102,6,compressed,10,0,-40.0,-24.0,-44.0,-16.0,-44.0,-16.0,-44.0,-16.0,8.9442720413208,65.46023273468018,False,False,False,0,False,False,False,False
48,LiteDARE-Map-Reservation,4801102,6,compressed,10,1,12.0,-8.0,16.0,-12.0,16.0,-12.0,16.0,-12.0,5.656854152679443,55.31370830535889,False,False,False,0,False,False,False,False
48,LiteDARE-Map-Reservation,4801102,6,compressed,10,2,-48.0,-8.0,-44.0,-16.0,-48.0,-16.0,-48.0,-16.0,8.0,71.54539823532104,False,False,False,0,False,False,False,False
48,LiteDARE-Map-Reservation,4801102,6,compressed,10,3,-40.0,4.0,-36.0,0.0,-36.0,0.0,-36.0,0.0,5.656854152679443,61.20225238800049,False,False,False,0,False,False,True,True
48,LiteDARE-Map-Reservation,4801102,6,compressed,10,4,-44.0,0.0,-44.0,-4.0,-44.0,-4.0,-44.0,-4.0,4.0,69.20225238800049,False,False,False,0,False,False,True,True
48,LiteDARE-Map-Reservation,4801102,6,compressed,10,5,-48.0,-12.0,-44.0,-20.0,-44.0,-20.0,-44.0,-20.0,8.9442720413208,86.4307951927185,False,False,False,0,False,False,False,False
48,LiteDARE-Map-Reservation,4801102,6,compressed,11,0,-44.0,-16.0,-44.0,-12.0,-44.0,-12.0,-44.0,-12.0,4.0,69.46023273468018,False,False,False,0,False,False,False,False
48,LiteDARE-Map-Reservation,4801102,6,compressed,11,1,16.0,-12.0,12.0,-20.0,12.0,-20.0,12.0,-20.0,8.9442720413208,64.25798034667969,False,False,False,0,False,False,False,False
48,LiteDARE-Map-Reservation,4801102,6,compressed,11,2,-48.0,-16.0,-48.0,-12.0,-48.0,-12.0,-48.0,-12.0,4.0,75.54539823532104,False,False,False,0,False,False,True,True
48,LiteDARE-Map-Reservation,4801102,6,compressed,11,3,-36.0,0.0,-32.0,0.0,-32.0,0.0,-32.0,0.0,4.0,65.20225238800049,False,False,False,0,False,False,False,False
48,LiteDARE-Map-Reservation,4801102,6,compressed,11,4,-44.0,-4.0,-48.0,-8.0,-48.0,-8.0,-48.0,-8.0,5.656854152679443,74.85910654067993,False,False,False,0,False,False,True,True
48,LiteDARE-Map-Reservation,4801102,6,compressed,11,5,-44.0,-20.0,-44.0,-16.0,-52.0,-12.0,-52.0,-12.0,11.313708305358887,97.74450349807739,False,False,False,0,False,False,False,False
48,LiteDARE-Map-Reservation,4801102,6,compressed,12,0,-44.0,-12.0,-48.0,-8.0,-48.0,-4.0,-48.0,-4.0,8.9442720413208,78.40450477600098,False,False,False,0,False,False,False,False
48,LiteDARE-Map-Reservation,4801102,6,compressed,12,1,12.0,-20.0,12.0,-24.0,12.0,-24.0,12.0,-24.0,4.0,68.25798034667969,False,False,False,0,False,False,False,False
48,LiteDARE-Map-Reservation,4801102,6,compressed,12,2,-48.0,-12.0,-44.0,-4.0,-44.0,-4.0,-44.0,-4.0,8.9442720413208,84.48967027664185,False,False,False,0,False,False,True,True
48,LiteDARE-Map-Reservation,4801102,6,compressed,12,3,-32.0,0.0,-36.0,0.0,-36.0,0.0,-36.0,0.0,4.0,69.20225238800049,False,False,False,0,False,False,True,False
48,LiteDARE-Map-Reservation,4801102,6,compressed,12,4,-48.0,-8.0,-44.0,-4.0,-40.0,0.0,-40.0,0.0,11.313708305358887,86.17281484603882,False,False,False,0,False,False,False,False
48,LiteDARE-Map-Reservation,4801102,6,compressed,12,5,-52.0,-12.0,-48.0,-12.0,-44.0,-16.0,-44.0,-16.0,8.9442720413208,106.6887755393982,False,False,False,0,False,False,True,True
48,LiteDARE-Map-Reservation,4801102,6,compressed,13,0,-48.0,-4.0,-40.0,0.0,-40.0,-4.0,-40.0,-4.0,8.0,86.40450477600098,False,False,False,0,False,False,False,False
48,LiteDARE-Map-Reservation,4801102,6,compressed,13,1,12.0,-24.0,12.0,-28.0,12.0,-28.0,12.0,-28.0,4.0,72.25798034667969,False,False,False,0,False,False,False,False
48,LiteDARE-Map-Reservation,4801102,6,compressed,13,2,-44.0,-4.0,-40.0,0.0,-36.0,4.0,-36.0,4.0,11.313708305358887,95.80337858200073,False,False,False,0,False,False,False,False
48,LiteDARE-Map-Reservation,4801102,6,compressed,13,3,-36.0,0.0,-32.0,0.0,-32.0,0.0,-32.0,0.0,4.0,73.20225238800049,False,False,False,0,False,False,True,False
48,LiteDARE-Map-Reservation,4801102,6,compressed,13,4,-40.0,0.0,-36.0,0.0,-32.0,4.0,-32.0,4.0,8.9442720413208,95.11708688735962,False,False,False,0,False,False,True,True
48,LiteDARE-Map-Reservation,4801102,6,compressed,13,5,-44.0,-16.0,-44.0,-12.0,-44.0,-12.0,-44.0,-12.0,4.0,110.6887755393982,False,False,False,0,False,False,True,True
48,LiteDARE-Map-Reservation,4801102,6,compressed,14,0,-40.0,-4.0,-40.0,0.0,-40.0,0.0,-40.0,0.0,4.0,90.40450477600098,False,False,False,0,False,False,True,True
48,LiteDARE-Map-Reservation,4801102,6,compressed,14,1,12.0,-28.0,8.0,-32.0,8.0,-32.0,8.0,-32.0,5.656854152679443,77.91483449935913,False,False,False,0,False,False,False,False
48,LiteDARE-Map-Reservation,4801102,6,compressed,14,2,-36.0,4.0,-32.0,4.0,-28.0,4.0,-28.0,4.0,8.0,103.80337858200073,False,False,False,0,False,False,True,True
48,LiteDARE-Map-Reservation,4801102,6,compressed,14,3,-32.0,0.0,-28.0,0.0,-28.0,0.0,-28.0,0.0,4.0,77.20225238800049,False,False,False,0,False,False,True,True
48,LiteDARE-Map-Reservation,4801102,6,compressed,14,4,-32.0,4.0,-28.0,4.0,-24.0,4.0,-24.0,4.0,8.0,103.11708688735962,False,False,False,0,False,False,False,False
48,LiteDARE-Map-Reservation,4801102,6,compressed,14,5,-44.0,-12.0,-48.0,-8.0,-48.0,-8.0,-48.0,-8.0,5.656854152679443,116.34562969207764,False,False,False,0,False,False,True,True
48,LiteDARE-Map-Reservation,4801102,6,compressed,15,0,-40.0,0.0,-36.0,0.0,-36.0,0.0,-36.0,0.0,4.0,94.40450477600098,False,False,False,0,False,False,True,True
48,LiteDARE-Map-Reservation,4801102,6,compressed,15,1,8.0,-32.0,12.0,-36.0,12.0,-36.0,12.0,-36.0,5.656854152679443,83.57168865203857,False,False,False,0,False,False,False,False
48,LiteDARE-Map-Reservation,4801102,6,compressed,15,2,-28.0,4.0,-24.0,4.0,-20.0,4.0,-20.0,4.0,8.0,111.80337858200073,False,False,False,0,False,False,False,False
48,LiteDARE-Map-Reservation,4801102,6,compressed,15,3,-28.0,0.0,-24.0,-8.0,-24.0,-8.0,-24.0,-8.0,8.9442720413208,86.14652442932129,False,False,False,0,False,False,False,False
48,LiteDARE-Map-Reservation,4801102,6,compressed,15,4,-24.0,4.0,-20.0,4.0,-16.0,4.0,-16.0,4.0,8.0,111.11708688735962,False,False,False,0,False,False,False,False
48,LiteDARE-Map-Reservation,4801102,6,compressed,15,5,-48.0,-8.0,-44.0,-4.0,-44.0,-4.0,-44.0,-4.0,5.656854152679443,122.00248384475708,False,False,False,0,False,False,True,False
48,LiteDARE-Map-Reservation,4801102,6,compressed,16,0,-36.0,0.0,-32.0,0.0,-32.0,0.0,-32.0,0.0,4.0,98.40450477600098,False,False,False,0,False,False,True,True
48,LiteDARE-Map-Reservation,4801102,6,compressed,16,1,12.0,-36.0,8.0,-36.0,8.0,-36.0,8.0,-36.0,4.0,87.57168865203857,False,False,False,0,False,False,False,False
48,LiteDARE-Map-Reservation,4801102,6,compressed,16,2,-20.0,4.0,-16.0,4.0,-12.0,4.0,-12.0,4.0,8.0,119.80337858200073,False,False,False,0,False,False,False,False
48,LiteDARE-Map-Reservation,4801102,6,compressed,16,3,-24.0,-8.0,-24.0,-12.0,-24.0,-12.0,-24.0,-12.0,4.0,90.14652442932129,False,False,False,0,False,False,False,False
48,LiteDARE-Map-Reservation,4801102,6,compressed,16,4,-16.0,4.0,-12.0,4.0,-8.0,4.0,-8.0,4.0,8.0,119.11708688735962,False,False,False,0,False,False,False,False
48,LiteDARE-Map-Reservation,4801102,6,compressed,16,5,-44.0,-4.0,-40.0,0.0,-40.0,0.0,-40.0,0.0,5.656854152679443,127.65933799743652,False,False,False,0,False,False,True,True
48,LiteDARE-Map-Reservation,4801102,6,compressed,17,0,-32.0,0.0,-28.0,0.0,-28.0,0.0,-28.0,0.0,4.0,102.40450477600098,False,False,False,0,False,False,True,True
48,LiteDARE-Map-Reservation,4801102,6,compressed,17,1,8.0,-36.0,0.0,-36.0,0.0,-36.0,0.0,-36.0,8.0,95.57168865203857,False,False,False,0,False,False,False,False
48,LiteDARE-Map-Reservation,4801102,6,compressed,17,2,-12.0,4.0,-12.0,0.0,-12.0,0.0,-12.0,0.0,4.0,123.80337858200073,False,False,False,0,False,False,False,False
48,LiteDARE-Map-Reservation,4801102,6,compressed,17,3,-24.0,-12.0,-24.0,-20.0,-24.0,-20.0,-24.0,-20.0,8.0,98.14652442932129,False,False,False,0,False,False,False,False
48,LiteDARE-Map-Reservation,4801102,6,compressed,17,4,-8.0,4.0,-12.0,0.0,-16.0,0.0,-16.0,0.0,8.9442720413208,128.06135892868042,False,False,False,0,False,False,True,True
48,LiteDARE-Map-Reservation,4801102,6,compressed,17,5,-40.0,0.0,-36.0,0.0,-36.0,0.0,-36.0,0.0,4.0,131.65933799743652,False,False,False,0,False,False,True,False
48,LiteDARE-Map-Reservation,4801102,6,compressed,18,0,-28.0,0.0,-28.0,-8.0,-28.0,-8.0,-28.0,-8.0,8.0,110.40450477600098,False,False,False,0,False,False,False,False
48,LiteDARE-Map-Reservation,4801102,6,compressed,18,1,0.0,-36.0,-4.0,-36.0,-4.0,-36.0,-4.0,-36.0,4.0,99.57168865203857,False,False,False,0,False,False,False,False
48,LiteDARE-Map-Reservation,4801102,6,compressed,18,2,-12.0,0.0,-20.0,0.0,-20.0,0.0,-20.0,0.0,8.0,131.80337858200073,False,False,False,0,False,False,False,False
48,LiteDARE-Map-Reservation,4801102,6,compressed,18,3,-24.0,-20.0,-28.0,-28.0,-28.0,-28.0,-28.0,-28.0,8.9442720413208,107.09079647064209,False,False,False,0,False,False,False,False
48,LiteDARE-Map-Reservation,4801102,6,compressed,18,4,-16.0,0.0,-24.0,0.0,-24.0,0.0,-24.0,0.0,8.0,136.06135892868042,False,False,False,0,False,False,True,True
48,LiteDARE-Map-Reservation,4801102,6,compressed,18,5,-36.0,0.0,-32.0,0.0,-32.0,0.0,-32.0,0.0,4.0,135.65933799743652,False,False,False,0,False,False,True,True
48,LiteDARE-Map-Reservation,4801102,6,compressed,19,0,-28.0,-8.0,-28.0,-16.0,-28.0,-16.0,-28.0,-16.0,8.0,118.40450477600098,False,False,False,0,False,False,False,False
48,LiteDARE-Map-Reservation,4801102,6,compressed,19,1,-4.0,-36.0,-8.0,-36.0,-8.0,-36.0,-8.0,-36.0,4.0,103.57168865203857,False,False,False,0,False,False,False,False
48,LiteDARE-Map-Reservation,4801102,6,compressed,19,2,-20.0,0.0,-24.0,0.0,-28.0,0.0,-28.0,0.0,8.0,139.80337858200073,False,False,False,0,False,False,True,False
48,LiteDARE-Map-Reservation,4801102,6,compressed,19,3,-28.0,-28.0,-28.0,-36.0,-28.0,-36.0,-28.0,-36.0,8.0,115.09079647064209,False,False,False,0,False,False,False,False
48,LiteDARE-Map-Reservation,4801102,6,compressed,19,4,-24.0,0.0,-32.0,0.0,-32.0,4.0,-32.0,4.0,8.9442720413208,145.00563097000122,False,False,False,0,False,False,True,False
48,LiteDARE-Map-Reservation,4801102,6,compressed,19,5,-32.0,0.0,-28.0,0.0,-24.0,4.0,-24.0,4.0,8.9442720413208,144.60361003875732,False,False,False,0,False,False,True,True
48,LiteDARE-Map-Reservation,4801102,6,compressed,20,0,-28.0,-16.0,-28.0,-20.0,-28.0,-20.0,-28.0,-20.0,4.0,122.40450477600098,False,False,False,0,False,False,False,False
48,LiteDARE-Map-Reservation,4801102,6,compressed,20,1,-8.0,-36.0,-16.0,-36.0,-16.0,-36.0,-16.0,-36.0,8.0,111.57168865203857,False,False,False,0,False,False,False,False
48,LiteDARE-Map-Reservation,4801102,6,compressed,20,2,-28.0,0.0,-28.0,-8.0,-28.0,-8.0,-28.0,-8.0,8.0,147.80337858200073,False,False,False,0,False,False,True,True
48,LiteDARE-Map-Reservation,4801102,6,compressed,20,3,-28.0,-36.0,-24.0,-40.0,-24.0,-40.0,-24.0,-40.0,5.656854152679443,120.74765062332153,False,False,False,0,False,False,False,False
48,LiteDARE-Map-Reservation,4801102,6,compressed,20,4,-32.0,4.0,-28.0,0.0,-24.0,0.0,-24.0,0.0,8.9442720413208,153.94990301132202,False,False,False,0,False,False,True,False
48,LiteDARE-Map-Reservation,4801102,6,compressed,20,5,-24.0,4.0,-28.0,-4.0,-28.0,-4.0,-28.0,-4.0,8.9442720413208,153.54788208007812,False,False,False,0,False,False,True,True
48,LiteDARE-Map-Reservation,4801102,6,compressed,21,0,-28.0,-20.0,-28.0,-24.0,-28.0,-24.0,-28.0,-24.0,4.0,126.40450477600098,False,False,False,0,False,False,False,False
48,LiteDARE-Map-Reservation,4801102,6,compressed,21,1,-16.0,-36.0,-20.0,-40.0,-20.0,-40.0,-20.0,-40.0,5.656854152679443,117.22854280471802,False,False,False,0,False,False,False,False
48,LiteDARE-Map-Reservation,4801102,6,compressed,21,2,-28.0,-8.0,-28.0,-16.0,-28.0,-16.0,-28.0,-16.0,8.0,155.80337858200073,False,False,False,0,False,False,True,True
48,LiteDARE-Map-Reservation,4801102,6,compressed,21,3,-24.0,-40.0,-20.0,-44.0,-20.0,-44.0,-20.0,-44.0,5.656854152679443,126.40450477600098,False,False,False,0,False,False,False,False
48,LiteDARE-Map-Reservation,4801102,6,compressed,21,4,-24.0,0.0,-32.0,0.0,-32.0,0.0,-32.0,0.0,8.0,161.94990301132202,False,False,False,0,False,False,True,True
48,LiteDARE-Map-Reservation,4801102,6,compressed,21,5,-28.0,-4.0,-28.0,-12.0,-28.0,-12.0,-28.0,-12.0,8.0,161.54788208007812,False,False,False,0,False,False,False,False
48,LiteDARE-Map-Reservation,4801102,6,compressed,22,0,-28.0,-24.0,-28.0,-32.0,-28.0,-32.0,-28.0,-32.0,8.0,134.40450477600098,False,False,False,0,False,False,False,False
48,LiteDARE-Map-Reservation,4801102,6,compressed,22,1,-20.0,-40.0,-20.0,-48.0,-20.0,-48.0,-20.0,-48.0,8.0,125.22854280471802,False,False,False,0,False,False,False,False
48,LiteDARE-Map-Reservation,4801102,6,compressed,22,2,-28.0,-16.0,-28.0,-20.0,-28.0,-20.0,-28.0,-20.0,4.0,159.80337858200073,False,False,False,0,False,False,True,True
48,LiteDARE-Map-Reservation,4801102,6,compressed,22,3,-20.0,-44.0,-20.0,-52.0,-20.0,-52.0,-20.0,-52.0,8.0,134.40450477600098,False,False,False,0,False,False,False,False
48,LiteDARE-Map-Reservation,4801102,6,compressed,22,4,-32.0,0.0,-28.0,0.0,-28.0,0.0,-28.0,0.0,4.0,165.94990301132202,False,False,False,0,False,False,True,True
48,LiteDARE-Map-Reservation,4801102,6,compressed,22,5,-28.0,-12.0,-28.0,-20.0,-24.0,-20.0,-24.0,-20.0,8.9442720413208,170.49215412139893,False,False,False,0,False,False,True,True
48,LiteDARE-Map-Reservation,4801102,6,compressed,23,0,-28.0,-32.0,-24.0,-36.0,-24.0,-36.0,-24.0,-36.0,5.656854152679443,140.06135892868042,False,False,False,0,False,False,False,False
48,LiteDARE-Map-Reservation,4801102,6,compressed,23,1,-20.0,-48.0,-12.0,-52.0,-12.0,-52.0,-12.0,-52.0,8.9442720413208,134.17281484603882,False,False,False,0,False,False,False,False
48,LiteDARE-Map-Reservation,4801102,6,compressed,23,2,-28.0,-20.0,-28.0,-28.0,-28.0,-28.0,-28.0,-28.0,8.0,167.80337858200073,False,False,False,0,False,False,True,True
48,LiteDARE-Map-Reservation,4801102,6,compressed,23,3,-20.0,-52.0,-24.0,-52.0,-24.0,-52.0,-24.0,-52.0,4.0,138.40450477600098,False,False,False,0,False,False,False,False
48,LiteDARE-Map-Reservation,4801102,6,compressed,23,4,-28.0,0.0,-28.0,-8.0,-28.0,-8.0,-28.0,-8.0,8.0,173.94990301132202,False,False,False,0,False,False,True,True
48,LiteDARE-Map-Reservation,4801102,6,compressed,23,5,-24.0,-20.0,-24.0,-24.0,-24.0,-24.0,-24.0,-24.0,4.0,174.49215412139893,False,False,False,0,False,False,False,False
48,LiteDARE-Map-Reservation,4801102,6,compressed,24,0,-24.0,-36.0,-24.0,-40.0,-24.0,-40.0,-24.0,-40.0,4.0,144.06135892868042,False,False,False,0,False,False,True,True
48,LiteDARE-Map-Reservation,4801102,6,compressed,24,1,-12.0,-52.0,-8.0,-52.0,-8.0,-52.0,-8.0,-52.0,4.0,138.17281484603882,False,False,False,0,False,False,False,False
48,LiteDARE-Map-Reservation,4801102,6,compressed,24,2,-28.0,-28.0,-24.0,-32.0,-24.0,-32.0,-24.0,-32.0,5.656854152679443,173.46023273468018,False,False,False,0,False,False,False,False
48,LiteDARE-Map-Reservation,4801102,6,compressed,24,3,-24.0,-52.0,-32.0,-52.0,-32.0,-52.0,-32.0,-52.0,8.0,146.40450477600098,False,False,False,0,False,False,False,False
48,LiteDARE-Map-Reservation,4801102,6,compressed,24,4,-28.0,-8.0,-24.0,-16.0,-24.0,-16.0,-24.0,-16.0,8.9442720413208,182.89417505264282,False,False,False,0,False,False,False,False
48,LiteDARE-Map-Reservation,4801102,6,compressed,24,5,-24.0,-24.0,-28.0,-32.0,-28.0,-32.0,-28.0,-32.0,8.9442720413208,183.43642616271973,False,False,False,0,False,False,True,True
48,LiteDARE-Map-Reservation,4801102,6,compressed,25,0,-24.0,-40.0,-24.0,-48.0,-24.0,-48.0,-24.0,-48.0,8.0,152.06135892868042,False,False,False,0,False,False,False,False
48,LiteDARE-Map-Reservation,4801102,6,compressed,25,1,-8.0,-52.0,-4.0,-52.0,-4.0,-52.0,-4.0,-52.0,4.0,142.17281484603882,False,False,False,0,False,False,False,False
48,LiteDARE-Map-Reservation,4801102,6,compressed,25,2,-24.0,-32.0,-20.0,-32.0,-20.0,-32.0,-20.0,-32.0,4.0,177.46023273468018,False,False,False,0,False,False,False,False
48,LiteDARE-Map-Reservation,4801102,6,compressed,25,3,-32.0,-52.0,-32.0,-56.0,-32.0,-56.0,-32.0,-56.0,4.0,150.40450477600098,False,False,False,0,False,False,False,False
48,LiteDARE-Map-Reservation,4801102,6,compressed,25,4,-24.0,-16.0,-28.0,-24.0,-28.0,-24.0,-28.0,-24.0,8.9442720413208,191.83844709396362,False,False,False,0,False,False,True,True
48,LiteDARE-Map-Reservation,4801102,6,compressed,25,5,-28.0,-32.0,-24.0,-32.0,-20.0,-36.0,-20.0,-36.0,8.9442720413208,192.38069820404053,False,False,False,0,False,False,False,False
48,LiteDARE-Map-Reservation,4801102,6,compressed,26,0,-24.0,-48.0,-20.0,-48.0,-20.0,-48.0,-20.0,-48.0,4.0,156.06135892868042,False,False,False,0,False,False,True,True
48,LiteDARE-Map-Reservation,4801102,6,compressed,26,1,-4.0,-52.0,4.0,-48.0,4.0,-48.0,4.0,-48.0,8.9442720413208,151.11708688735962,False,False,False,0,False,False,False,False
48,LiteDARE-Map-Reservation,4801102,6,compressed,26,2,-20.0,-32.0,-20.0,-40.0,-20.0,-40.0,-20.0,-40.0,8.0,185.46023273468018,False,False,False,0,False,False,True,True
48,LiteDARE-Map-Reservation,4801102,6,compressed,26,3,-32.0,-56.0,-24.0,-52.0,-24.0,-52.0,-24.0,-52.0,8.9442720413208,159.34877681732178,False,False,False,0,False,False,True,False
48,LiteDARE-Map-Reservation,4801102,6,compressed,26,4,-28.0,-24.0,-28.0,-32.0,-28.0,-32.0,-28.0,-32.0,8.0,199.83844709396362,False,False,False,0,False,False,True,True
48,LiteDARE-Map-Reservation,4801102,6,compressed,26,5,-20.0,-36.0,-16.0,-36.0,-16.0,-36.0,-16.0,-36.0,4.0,196.38069820404053,False,False,False,0,False,False,True,True
48,LiteDARE-Map-Reservation,4801102,6,compressed,27,0,-20.0,-48.0,-12.0,-52.0,-12.0,-52.0,-12.0,-52.0,8.9442720413208,165.00563097000122,False,False,False,0,False,False,True,True
48,LiteDARE-Map-Reservation,4801102,6,compressed,27,1,4.0,-48.0,8.0,-48.0,8.0,-48.0,8.0,-48.0,4.0,155.11708688735962,False,False,False,0,False,False,False,False
48,LiteDARE-Map-Reservation,4801102,6,compressed,27,2,-20.0,-40.0,-16.0,-40.0,-16.0,-40.0,-16.0,-40.0,4.0,189.46023273468018,False,False,False,0,False,False,False,False
48,LiteDARE-Map-Reservation,4801102,6,compressed,27,3,-24.0,-52.0,-20.0,-52.0,-20.0,-52.0,-20.0,-52.0,4.0,163.34877681732178,False,False,False,0,False,False,True,False
48,LiteDARE-Map-Reservation,4801102,6,compressed,27,4,-28.0,-32.0,-24.0,-36.0,-24.0,-36.0,-24.0,-36.0,5.656854152679443,205.49530124664307,False,False,False,0,False,False,True,True
48,LiteDARE-Map-Reservation,4801102,6,compressed,27,5,-16.0,-36.0,-12.0,-36.0,-12.0,-36.0,-12.0,-36.0,4.0,200.38069820404053,False,False,False,0,False,False,False,False
